97.50363260624253 89.06368712951642 24.742530822753906
97.50363260624253 89.06368712951642 20.267959594726562
101.02311465045717 76.06477029637294 20.267959594726562
125.93965308607169 69.22658868701829 20.267959594726562
142.1546514982524 69.29432654847612 20.267959594726562
102.64850575347847 59.962890192292186 20.267959594726562
134.35311586663454 98.50535946256798 26.493484497070312
107.47357195284965 101.38943250464963 26.493484497070312
154.25329328858328 88.45736215855977 26.493484497070312
77.35870610130935 76.58651008253109 26.493484497070312
113.64341529829173 90.75606924809544 26.493484497070312
87.80117316903443 80.48718374244955 26.493484497070312
172.82791107166045 90.80110362306314 26.493484497070312
126.982550810513 111.30699949046831 26.493484497070312
102.08179177421192 66.59834417681752 26.493484497070312
113.28161899461485 86.78751949807231 26.493484497070312
127.10505762620063 36.81964094277184 26.493484497070312
122.91510159385955 104.90992442866823 26.493484497070312
190.71624519168836 64.9116709493131 26.493484497070312
131.39273681766204 68.74179477219003 26.493484497070312
134.22432755766147 103.05083110509796 26.493484497070312
124.12645783430409 104.54513814527195 26.493484497070312
128.12853705117712 96.71931035521348 26.493484497070312
129.86093496555912 111.21132194579468 26.493484497070312
117.58782860383573 62.60179246030141 26.493484497070312
144.668240553738 87.9768307932029 26.493484497070312
84.74191073279191 75.7505660785111 10.141212463378906
125.78700984327925 85.89886980135446 10.141212463378906
122.28207849499799 85.6090175299731 10.141212463378906
111.62159319580358 115.29137832468184 10.141212463378906
