102.7668973306635 128.04070523573122 169.0598602294922
102.7668973306635 128.04070523573122 169.5110626220703
125.97912555757385 122.32743633222196 166.0016632080078
132.28166399688396 102.9050523846373 160.6863250732422
133.6219098269532 109.47377765383423 133.95853424072266
126.80285102272958 115.12237049648895 151.59282684326172
157.46820573966568 120.16475992486691 139.28661346435547
181.07901937119112 140.53745249925825 143.82894897460938
172.13424735939918 130.1938733518183 136.96484375
181.4349825815347 80.20013116177317 143.03792572021484
177.58708722697565 68.1534622797318 140.56198120117188
180.17739488703498 68.17248558234617 140.96290588378906
188.79748612586067 60.50082412306914 148.51637268066406
167.35641960791702 152.1862731376891 153.2427749633789
155.97602527547315 180.48014317504783 149.08961486816406
146.8302976369736 169.59648341317282 149.08961486816406
185.3351054858734 125.04873595911208 100.53384399414062
166.85511523586797 106.66064398574521 117.83800888061523
185.50653684437438 106.02061376667143 133.34810638427734
178.53066796172894 90.73945203585455 129.55879974365234
113.87321837937297 78.71989389465217 138.23455810546875
137.2863159792307 141.29744037721161 133.5203628540039
109.88180800478406 77.11061480066891 150.82080078125
151.3483415180868 120.07370424412977 157.35562133789062
136.70449335133108 146.12985007854556 130.39630508422852
117.0686616640681 122.32185001064244 129.1766357421875
137.94570693015743 136.21535154974183 129.7831802368164
149.20922235450163 137.56715887694213 133.75353813171387
144.8084103960958 107.39774810722336 152.98694229125977
161.98439309991923 104.15602045621641 152.62841033935547
