102.7668973306635 128.04070523573122 169.0598602294922
102.7668973306635 128.04070523573122 169.5110626220703
125.97912555757385 122.32743633222196 166.0016632080078
132.28166399688396 102.9050523846373 160.6863250732422
133.6219098269532 109.47377765383423 133.95853424072266
126.80285102272958 115.12237049648895 151.59282684326172
157.46820573966568 120.16475992486691 139.28661346435547
181.07901937119112 140.53745249925825 143.82894897460938
172.13424735939918 130.1938733518183 136.96484375
181.4349825815347 80.20013116177317 143.03792572021484
177.58708722697565 68.1534622797318 140.56198120117188
180.17739488703498 68.17248558234617 140.96290588378906
188.79748612586067 60.50082412306914 148.51637268066406
167.35641960791702 152.1862731376891 153.2427749633789
155.97602527547315 180.48014317504783 149.08961486816406
146.8302976369736 169.59648341317282 149.08961486816406
185.3351054858734 125.04873595911208 100.53384399414062
166.85511523586797 106.66064398574521 117.83800888061523
185.50653684437438 106.02061376667143 133.34810638427734
178.53066796172894 90.73945203585455 129.55879974365234
113.87321837937297 78.71989389465217 138.23455810546875
137.2863159792307 141.29744037721161 133.5203628540039
109.88180800478406 77.11061480066891 150.82080078125
151.3483415180868 120.07370424412977 157.35562133789062
136.70449335133108 146.12985007854556 130.39630508422852
117.0686616640681 122.32185001064244 129.1766357421875
137.94570693015743 136.21535154974183 129.7831802368164
149.20922235450163 137.56715887694213 133.75353813171387
144.8084103960958 107.39774810722336 152.98694229125977
161.98439309991923 104.15602045621641 152.62841033935547
164.60728421810572 90.98459242137399 152.55648040771484
175.9040429743504 92.89337206590749 163.47853088378906
187.38716308578717 86.2775371650538 160.13995361328125
194.1301277814119 80.61099135973195 158.84901809692383
179.37053852668637 84.2731858329356 156.49964904785156
173.3389067110691 75.1628489504215 160.72149658203125
89.19530950502245 97.34443840059825 167.95948028564453
94.0828729148621 110.1970380982272 163.34759521484375
100.50561721384325 137.10911919920926 164.29430770874023
105.64715271588499 139.10559870418084 125.38954544067383
171.98987854778105 69.64497152817198 170.19032669067383
143.79397825092164 122.28933922226423 170.5871810913086
145.45974990184177 111.38275544210039 171.06806182861328
143.62446202260452 113.38667405443503 166.65655517578125
106.18113721069574 136.32255425645 172.36727905273438
109.01297252943583 138.12572189449318 162.81195831298828
133.54384199408943 96.97086441098351 156.0135498046875
132.59676163079806 99.97077113114425 151.3039093017578
154.75414588292296 61.99898167151946 148.08837890625
158.85097426834093 38.23042630265892 150.05696868896484
147.23806953495992 46.952635917509134 151.89312744140625
153.28099734731748 39.869055345431796 134.8336181640625
153.34921201156573 76.41542546503292 133.2306900024414
155.96800049297215 57.20551080818254 119.79527282714844
156.223570252118 45.46979661580503 102.60311889648438
156.29508917408992 38.444158941595624 96.08822631835938
167.27373111280812 31.26349180508451 93.21246337890625
160.8705268867271 46.185866395499986 88.47759246826172
159.82179974716158 33.5226198560125 86.15917205810547
129.59586294474494 36.27909417732921 89.97505187988281
131.19166269818754 47.79108465924232 90.90413665771484
126.53916162269869 52.26252346067825 96.63787841796875
128.80709567206543 56.9560853732003 95.48981475830078
115.80567483898122 83.27249603328602 97.5086669921875
104.08971892556147 148.63935376503028 100.78099060058594
117.079640125815 92.75034543284613 97.78258514404297
121.21588446780795 53.447890206412275 102.37444305419922
120.41765004979136 66.96255098651072 87.14409637451172
95.54918310608583 67.64157336819717 86.79261016845703
93.9521346296144 75.10006968789648 87.73886108398438
126.45795261661334 110.5033189415118 91.71689987182617
114.21715359836563 104.89512264318694 99.09891510009766
115.26620008381089 114.124879684527 99.4339828491211
93.56115152646484 94.82074349200377 105.4706039428711
92.55113153183005 116.5020617482184 107.56226348876953
116.24275011501884 118.8868426027319 103.88597869873047
104.96505321807942 105.55187187206622 104.56571578979492
112.12659964601077 115.55694640779637 105.05015182495117
120.59599489702394 115.77574690810452 106.05044174194336
122.56107326392758 114.82792344688109 108.14062118530273
126.45769589132887 115.17724800952095 103.69932556152344
122.71671136682028 112.44397327223558 98.87134552001953
125.78611001698442 107.4037314586755 98.32058715820312
124.79161467329163 102.69206450279258 96.7412223815918
123.01975620543864 100.48504884904405 91.064208984375
123.3327305823915 105.35256830884063 86.48866271972656
109.58353625042342 107.95008801821051 90.81002426147461
112.61246840257142 92.84745711287461 92.55304718017578
118.46209050727677 84.90322602000718 89.14667892456055
108.35352970464974 85.28176007472182 94.77943801879883
